Terminal ready
1565964 0
1565980 1
1574796 1
1574812 0
1579120 0
1579136 1
1579676 1
1579692 0
1580232 0
1580248 1
1580768 1
1580784 0
1581292 0
1581308 1
1581880 1
1581896 0
1582420 0
1582436 1
1582976 1
1582992 0
1583516 0
1583532 1
1584072 1
1584088 0
1584628 0
1584644 1
1585172 1
1585188 0
1585688 0
1585704 1
1586268 1
1586284 0
1586816 0
1586832 1
1587360 1
1587376 0
1587912 0
1587928 1
1588472 1
1588488 0
1590108 0
1590124 1
1590652 1
1590668 0
1592268 0
1592284 1
1592844 1
1592860 0
1594452 0
1594468 1
1595040 1
1595056 0
1596644 0
1596664 1
1597216 1
1597232 0
1598840 0
1598856 1
1599428 1
1599444 0
1601016 0
1601036 1
1601628 1
1601644 0
1603212 0
1603228 1
1603788 1
1603808 0
1605388 0
1605408 1
1605968 1
1605984 0
1607584 0
1607600 1
1608196 1
1608212 0
1608680 0
1608696 1
1609292 1
1609308 0
1610864 0
1610880 1
1611468 1
1611484 0
1611976 0
1611992 1
1612580 1
1612596 0
1613072 0
1613088 1
1613676 1
1613692 0
1614164 0
1614184 1
1614772 1
1614788 0
1616360 0
1616376 1
1616956 1
1616972 0
1617456 0
1617472 1
1618048 1
1618068 0
1618552 0
1618568 1
1619160 1
1619180 0
1620744 0
1620764 1
1621340 1
1621356 0
1621840 0
1621856 1
1622436 1
1622452 0
1624020 0
1624036 1
1624628 1
1624644 0
1626220 0
1626236 1
1626824 1
1626840 0
1628396 0
1628412 1
1629000 1
1629020 0
1629492 0
1629508 1
1630096 1
1630112 0
1631688 0
1631704 1
1632296 1
1632316 0
1670276 0
1670292 1
1679124 1
1679140 0
1681244 0
1681260 1
1681856 1
1681872 0
4058928 0
4058944 1
4067780 1
4067796 0
4072080 0
4072100 1
4072676 1
4072692 0
4073176 0
4073192 1
4073788 1
4073804 0
4074272 0
4074288 1
4074884 1
4074900 0
4075368 0
4075384 1
4075980 1
4075996 0
4076480 0
4076496 1
4077072 1
4077088 0
4077556 0
4077580 1
4078168 1
4078184 0
4078676 0
4078692 1
4079264 1
4079280 0
4079772 0
4079788 1
4080376 1
4080392 0
4080864 0
4080884 1
4081472 1
4081488 0
4083060 0
4083076 1
4083648 1
4083664 0
4085240 0
4085256 1
4085848 1
4085864 0
4087432 0
4087448 1
4088028 1
4088044 0
4089612 0
4089628 1
4090220 1
4090240 0
4091804 0
4091820 1
4092400 1
4092416 0
4093988 0
4094008 1
4094596 1
4094612 0
4096184 0
4096200 1
4096788 1
4096804 0
4098364 0
4098380 1
4098968 1
4098984 0
4099456 0
4099476 1
4100064 1
4100080 0
4101652 0
4101668 1
4102248 1
4102264 0
4103848 0
4103864 1
4104440 1
4104456 0
4104940 0
4104960 1
4105536 1
4105552 0
4106036 0
4106052 1
4106632 1
4106648 0
4107132 0
4107148 1
4107744 1
4107760 0
4109312 0
4109332 1
4109920 1
4109940 0
4110412 0
4110428 1
4111016 1
4111032 0
4112608 0
4112624 1
4113212 1
4113228 0
4113700 0
4113720 1
4114308 1
4114324 0
4114796 0
4114812 1
4115400 1
4115420 0
4116992 0
4117008 1
4117584 1
4117604 0
4119168 0
4119188 1
4119780 1
4119796 0
4121364 0
4121380 1
4121960 1
4121976 0
4122460 0
4122476 1
4123072 1
4123088 0
4124652 0
4124672 1
4125248 1
4125264 0
4163244 0
4163260 1
4172080 1
4172100 0
4174200 0
4174220 1
4174808 1
4174824 0
6429396 0
6429412 1
6438268 1
6438284 0
6442552 0
6442568 1
6443164 1
6443180 0
6443664 0
6443680 1
6444260 1
6444276 0
6444760 0
6444776 1
6445352 1
6445368 0
6445856 0
6445872 1
6446448 1
6446464 0
6446948 0
6446968 1
6447560 1
6447576 0
6448044 0
6448060 1
6448656 1
6448672 0
6449140 0
6449164 1
6449752 1
6449768 0
6450240 0
6450260 1
6450848 1
6450864 0
6451336 0
6451352 1
6451940 1
6451956 0
6453532 0
6453548 1
6454136 1
6454152 0
6455724 0
6455744 1
6456312 1
6456336 0
6457904 0
6457920 1
6458516 1
6458532 0
6460100 0
6460116 1
6460692 1
6460708 0
6462292 0
6462308 1
6462888 1
6462904 0
6464472 0
6464488 1
6465080 1
6465096 0
6466656 0
6466672 1
6467260 1
6467276 0
6468848 0
6468864 1
6469452 1
6469472 0
6471044 0
6471060 1
6471632 1
6471648 0
6473220 0
6473240 1
6473832 1
6473848 0
6475416 0
6475432 1
6476012 1
6476028 0
6476512 0
6476528 1
6477108 1
6477124 0
6477608 0
6477624 1
6478200 1
6478216 0
6478704 0
6478720 1
6479312 1
6479328 0
6480880 0
6480904 1
6481492 1
6481508 0
6482000 0
6482016 1
6482588 1
6482604 0
6483092 0
6483112 1
6483700 1
6483716 0
6484188 0
6484204 1
6484792 1
6484808 0
6485284 0
6485300 1
6485888 1
6485904 0
6487480 0
6487496 1
6488072 1
6488088 0
6489656 0
6489672 1
6490268 1
6490284 0
6491852 0
6491868 1
6492444 1
6492460 0
6492948 0
6492964 1
6493540 1
6493556 0
6495140 0
6495156 1
6495736 1
6495752 0
6533712 0
6533732 1
6542568 1
6542584 0
6544688 0
6544704 1
6545292 1
6545308 0
8801196 0
8801212 1
8810048 1
8810064 0
8814432 0
8814448 1
8814944 1
8814960 0
8815544 0
8815560 1
8816036 1
8816052 0
8816572 0
8816588 1
8817148 1
8817164 0
8817740 0
8817756 1
8818244 1
8818260 0
8818768 0
8818784 1
8819340 1
8819356 0
8819860 0
8819880 1
8820432 1
8820448 0
8821024 0
8821040 1
8821528 1
8821544 0
8822052 0
8822068 1
8822624 1
8822640 0
8823148 0
8823164 1
8823736 1
8823752 0
8825340 0
8825356 1
8825920 1
8825936 0
8827536 0
8827552 1
8828096 1
8828112 0
8829712 0
8829728 1
8830292 1
8830308 0
8831908 0
8831924 1
8832484 1
8832500 0
8834092 0
8834108 1
8834664 1
8834680 0
8836304 0
8836320 1
8836856 1
8836872 0
8838496 0
8838512 1
8839036 1
8839052 0
8840656 0
8840676 1
8841236 1
8841252 0
8841752 0
8841768 1
8842332 1
8842348 0
8842880 0
8842896 1
8843424 1
8843440 0
8845060 0
8845076 1
8845620 1
8845636 0
8846152 0
8846168 1
8846716 1
8846732 0
8847264 0
8847280 1
8847808 1
8847824 0
8848360 0
8848376 1
8848904 1
8848920 0
8850512 0
8850528 1
8851100 1
8851116 0
8851620 0
8851640 1
8852208 1
8852228 0
8853800 0
8853816 1
8854404 1
8854420 0
8855996 0
8856012 1
8856588 1
8856604 0
8857088 0
8857104 1
8857700 1
8857716 0
8859284 0
8859300 1
8859880 1
8859896 0
8861460 0
8861480 1
8862072 1
8862088 0
8863656 0
8863672 1
8864252 1
8864268 0
8864752 0
8864776 1
8865344 1
8865364 0
8866936 0
8866952 1
8867540 1
8867556 0
8905520 0
8905536 1
8914372 1
8914392 0
8916492 0
8916512 1
8917088 1
8917104 0
11136780 0
11136796 1
11145668 1
11145684 0
11149984 0
11150000 1
11150580 1
11150596 0
11151080 0
11151096 1
11151672 1
11151692 0
11152176 0
11152192 1
11152768 1
11152784 0
11153268 0
11153288 1
11153864 1
11153880 0
11154380 0
11154400 1
11154960 1
11154976 0
11155468 0
11155484 1
11156056 1
11156072 0
11156576 0
11156596 1
11157148 1
11157164 0
11157672 0
11157688 1
11158260 1
11158276 0
11158768 0
11158784 1
11159356 1
11159372 0
11160964 0
11160980 1
11161552 1
11161568 0
11163140 0
11163156 1
11163736 1
11163752 0
11165336 0
11165352 1
11165912 1
11165928 0
11167528 0
11167544 1
11168108 1
11168124 0
11169708 0
11169724 1
11170300 1
11170316 0
11171908 0
11171924 1
11172480 1
11172496 0
11174084 0
11174100 1
11174672 1
11174688 0
11176280 0
11176296 1
11176836 1
11176852 0
11177376 0
11177392 1
11177964 1
11177980 0
11178468 0
11178488 1
11179048 1
11179064 0
11179564 0
11179580 1
11180124 1
11180144 0
11180676 0
11180692 1
11181220 1
11181236 0
11181736 0
11181756 1
11182316 1
11182332 0
11182864 0
11182884 1
11183428 1
11183444 0
11185060 0
11185076 1
11185604 1
11185620 0
11186156 0
11186172 1
11186700 1
11186716 0
11188340 0
11188356 1
11188892 1
11188912 0
11190532 0
11190548 1
11191072 1
11191088 0
11192712 0
11192728 1
11193264 1
11193280 0
11194904 0
11194920 1
11195448 1
11195464 0
11197132 0
11197148 1
11197644 1
11197660 0
11199324 0
11199344 1
11199836 1
11199852 0
11200420 0
11200436 1
11200932 1
11200948 0
11202532 0
11202548 1
11203108 1
11203124 0
11241120 0
11241136 1
11249992 1
11250008 0
11252128 0
11252144 1
11252716 1
11252732 0
13362320 0
13362332 1
13371200 1
13371216 0
13375484 0
13375508 1
13376096 1
13376112 0
13376584 0
13376600 1
13377188 1
13377208 0
13377680 0
13377696 1
13378284 1
13378300 0
13378776 0
13378792 1
13379380 1
13379396 0
13379888 0
13379904 1
13380476 1
13380492 0
13380984 0
13381000 1
13381588 1
13381604 0
13382076 0
13382096 1
13382672 1
13382688 0
13383172 0
13383188 1
13383784 1
13383800 0
13384268 0
13384284 1
13384880 1
13384896 0
13386464 0
13386480 1
13387056 1
13387072 0
13388640 0
13388656 1
13389252 1
13389268 0
13390836 0
13390860 1
13391428 1
13391444 0
13393020 0
13393036 1
13393624 1
13393640 0
13395216 0
13395232 1
13395820 1
13395836 0
13397392 0
13397408 1
13397996 1
13398012 0
13399588 0
13399604 1
13400180 1
13400196 0
13401764 0
13401780 1
13402376 1
13402392 0
13403960 0
13403976 1
13404552 1
13404568 0
13406152 0
13406172 1
13406748 1
13406764 0
13407240 0
13407256 1
13407844 1
13407860 0
13408332 0
13408352 1
13408940 1
13408956 0
13409444 0
13409464 1
13410032 1
13410052 0
13410540 0
13410556 1
13411128 1
13411144 0
13412720 0
13412736 1
13413324 1
13413340 0
13413812 0
13413832 1
13414424 1
13414440 0
13414924 0
13414944 1
13415520 1
13415536 0
13416020 0
13416036 1
13416616 1
13416632 0
13418200 0
13418216 1
13418808 1
13418828 0
13420392 0
13420412 1
13420988 1
13421004 0
13422572 0
13422588 1
13423184 1
13423200 0
13424772 0
13424788 1
13425360 1
13425376 0
13425868 0
13425884 1
13426456 1
13426472 0
13428044 0
13428060 1
13428652 1
13428668 0
13466612 0
13466636 1
13475484 1
13475500 0
13477588 0
13477604 1
13478164 1
13478180 0
15814472 0
15814488 1
15823324 1
15823340 0
15827624 0
15827644 1
15828236 1
15828252 0
15828720 0
15828736 1
15829332 1
15829348 0
15829816 0
15829832 1
15830428 1
15830444 0
15830912 0
15830928 1
15831524 1
15831540 0
15832008 0
15832024 1
15832616 1
15832636 0
15833108 0
15833124 1
15833712 1
15833728 0
15834204 0
15834220 1
15834808 1
15834824 0
15835300 0
15835316 1
15835904 1
15835920 0
15836396 0
15836412 1
15837000 1
15837016 0
15838588 0
15838604 1
15839192 1
15839212 0
15840784 0
15840800 1
15841376 1
15841396 0
15842960 0
15842976 1
15843572 1
15843588 0
15845156 0
15845172 1
15845752 1
15845768 0
15847332 0
15847352 1
15847944 1
15847960 0
15849516 0
15849536 1
15850124 1
15850140 0
15851712 0
15851728 1
15852316 1
15852332 0
15853892 0
15853908 1
15854496 1
15854512 0
15856084 0
15856100 1
15856680 1
15856696 0
15858280 0
15858296 1
15858872 1
15858892 0
15860456 0
15860472 1
15861052 1
15861068 0
15861552 0
15861568 1
15862164 1
15862180 0
15862648 0
15862664 1
15863260 1
15863276 0
15863744 0
15863760 1
15864352 1
15864372 0
15864844 0
15864860 1
15865448 1
15865464 0
15865940 0
15865956 1
15866544 1
15866560 0
15867036 0
15867052 1
15867640 1
15867656 0
15868132 0
15868148 1
15868736 1
15868752 0
15869224 0
15869244 1
15869832 1
15869848 0
15871420 0
15871436 1
15872016 1
15872032 0
15873600 0
15873616 1
15874208 1
15874224 0
15875792 0
15875808 1
15876388 1
15876404 0
15877972 0
15877988 1
15878580 1
15878600 0
15880164 0
15880180 1
15880760 1
15880776 0
15918740 0
15918756 1
15927592 1
15927608 0
15929696 0
15929712 1
15930300 1
15930316 0
18255804 0
18255820 1
18264572 1
18264588 0
18268876 0
18268892 1
18269452 1
18269468 0
18269972 0
18269988 1
18270548 1
18270564 0
18271064 0
18271080 1
18271676 1
18271692 0
18272160 0
18272176 1
18272772 1
18272788 0
18273256 0
18273272 1
18273868 1
18273884 0
18274356 0
18274372 1
18274960 1
18274980 0
18275452 0
18275468 1
18276056 1
18276072 0
18276548 0
18276564 1
18277152 1
18277168 0
18277660 0
18277676 1
18278248 1
18278264 0
18279836 0
18279856 1
18280444 1
18280464 0
18282032 0
18282048 1
18282628 1
18282644 0
18284208 0
18284228 1
18284820 1
18284836 0
18286404 0
18286420 1
18287000 1
18287016 0
18288584 0
18288600 1
18289192 1
18289208 0
18290784 0
18290800 1
18291388 1
18291404 0
18292960 0
18292976 1
18293564 1
18293584 0
18295156 0
18295172 1
18295760 1
18295776 0
18297332 0
18297352 1
18297944 1
18297960 0
18298444 0
18298464 1
18299040 1
18299056 0
18300624 0
18300640 1
18301236 1
18301252 0
18301720 0
18301736 1
18302328 1
18302348 0
18303912 0
18303932 1
18304508 1
18304524 0
18305008 0
18305032 1
18305604 1
18305620 0
18306108 0
18306128 1
18306716 1
18306732 0
18307204 0
18307220 1
18307808 1
18307828 0
18308300 0
18308316 1
18308904 1
18308920 0
18310480 0
18310496 1
18311084 1
18311100 0
18311592 0
18311608 1
18312180 1
18312200 0
18313768 0
18313784 1
18314380 1
18314396 0
18314864 0
18314880 1
18315476 1
18315492 0
18317056 0
18317076 1
18317652 1
18317668 0
18319236 0
18319252 1
18319848 1
18319864 0
18321436 0
18321452 1
18322040 1
18322056 0
18360020 0
18360036 1
18368876 1
18368892 0
18370996 0
18371012 1
18371584 1
18371604 0
20473416 0
20473428 1
20482300 1
20482316 0
20486604 0
20486620 1
20487180 1
20487196 0
20487712 0
20487732 1
20488276 1
20488292 0
20488792 0
20488808 1
20489368 1
20489388 0
20489920 0
20489936 1
20490464 1
20490480 0
20491000 0
20491016 1
20491560 1
20491576 0
20492092 0
20492112 1
20492672 1
20492688 0
20493220 0
20493240 1
20493764 1
20493784 0
20494316 0
20494332 1
20494860 1
20494876 0
20495416 0
20495432 1
20495956 1
20495972 0
20497596 0
20497612 1
20498148 1
20498168 0
20499788 0
20499804 1
20500344 1
20500360 0
20501984 0
20502000 1
20502520 1
20502544 0
20504160 0
20504176 1
20504720 1
20504740 0
20506356 0
20506372 1
20506900 1
20506916 0
20508516 0
20508532 1
20509092 1
20509112 0
20510732 0
20510752 1
20511272 1
20511288 0
20512912 0
20512928 1
20513464 1
20513484 0
20515104 0
20515124 1
20515660 1
20515676 0
20516200 0
20516216 1
20516756 1
20516772 0
20517344 0
20517360 1
20517848 1
20517868 0
20519456 0
20519472 1
20520032 1
20520052 0
20520568 0
20520584 1
20521144 1
20521160 0
20521664 0
20521680 1
20522240 1
20522256 0
20522756 0
20522776 1
20523336 1
20523352 0
20523852 0
20523868 1
20524432 1
20524448 0
20524948 0
20524964 1
20525524 1
20525540 0
20527148 0
20527164 1
20527720 1
20527736 0
20529328 0
20529344 1
20529896 1
20529912 0
20530420 0
20530436 1
20531008 1
20531024 0
20532616 0
20532632 1
20533188 1
20533204 0
20534792 0
20534808 1
20535372 1
20535388 0
20536988 0
20537004 1
20537564 1
20537580 0
20539180 0
20539200 1
20539760 1
20539776 0
20577740 0
20577756 1
20586608 1
20586628 0
20588744 0
20588764 1
20589332 1
20589352 0
23066568 0
23066584 1
23075420 1
23075440 0
23079724 0
23079740 1
23080316 1
23080336 0
23080820 0
23080836 1
23081412 1
23081428 0
23081912 0
23081932 1
23082508 1
23082524 0
23082992 0
23083016 1
23083604 1
23083620 0
23084092 0
23084112 1
23084700 1
23084716 0
23085204 0
23085224 1
23085792 1
23085812 0
23086300 0
23086316 1
23086904 1
23086924 0
23087396 0
23087412 1
23088000 1
23088016 0
23088492 0
23088508 1
23089096 1
23089112 0
23090668 0
23090684 1
23091280 1
23091296 0
23092864 0
23092880 1
23093460 1
23093476 0
23095040 0
23095060 1
23095652 1
23095668 0
23097236 0
23097252 1
23097832 1
23097848 0
23099420 0
23099436 1
23100024 1
23100040 0
23101600 0
23101616 1
23102204 1
23102220 0
23103792 0
23103808 1
23104396 1
23104416 0
23105972 0
23105988 1
23106584 1
23106600 0
23107084 0
23107100 1
23107676 1
23107692 0
23109260 0
23109276 1
23109856 1
23109872 0
23111456 0
23111472 1
23112048 1
23112068 0
23112552 0
23112568 1
23113144 1
23113160 0
23114728 0
23114744 1
23115340 1
23115356 0
23115832 0
23115848 1
23116436 1
23116452 0
23116924 0
23116944 1
23117532 1
23117548 0
23118020 0
23118036 1
23118624 1
23118644 0
23120200 0
23120216 1
23120804 1
23120820 0
23121296 0
23121312 1
23121900 1
23121916 0
23122404 0
23122424 1
23123000 1
23123016 0
23124584 0
23124600 1
23125196 1
23125212 0
23125680 0
23125696 1
23126292 1
23126308 0
23127872 0
23127892 1
23128468 1
23128484 0
23130052 0
23130068 1
23130628 1
23130644 0
23132236 0
23132252 1
23132840 1
23132856 0
23170804 0
23170820 1
23179656 1
23179672 0
23181776 0
23181792 1
23182372 1
23182388 0
25535888 0
25535900 1
25544700 1
25544724 0
25549024 0
25549040 1
25549580 1
25549596 0
25550120 0
25550136 1
25550672 1
25550692 0
25551196 0
25551212 1
25551804 1
25551820 0
25552308 0
25552324 1
25552864 1
25552880 0
25553404 0
25553420 1
25553964 1
25553980 0
25554484 0
25554500 1
25555092 1
25555108 0
25555596 0
25555612 1
25556156 1
25556172 0
25556704 0
25556724 1
25557248 1
25557268 0
25557800 0
25557816 1
25558344 1
25558360 0
25559960 0
25559976 1
25560540 1
25560556 0
25562144 0
25562160 1
25562732 1
25562748 0
25564356 0
25564372 1
25564912 1
25564928 0
25566532 0
25566552 1
25567088 1
25567104 0
25568728 0
25568744 1
25569288 1
25569304 0
25570904 0
25570924 1
25571468 1
25571484 0
25573100 0
25573116 1
25573660 1
25573676 0
25575296 0
25575312 1
25575840 1
25575856 0
25577476 0
25577496 1
25578032 1
25578048 0
25578540 0
25578556 1
25579128 1
25579144 0
25579636 0
25579652 1
25580224 1
25580240 0
25581828 0
25581844 1
25582400 1
25582416 0
25584040 0
25584056 1
25584596 1
25584612 0
25585136 0
25585152 1
25585680 1
25585696 0
25586228 0
25586248 1
25586792 1
25586808 0
25587324 0
25587340 1
25587884 1
25587900 0
25588420 0
25588436 1
25588980 1
25588996 0
25590612 0
25590632 1
25591156 1
25591176 0
25592848 0
25592864 1
25593352 1
25593368 0
25593940 0
25593960 1
25594444 1
25594464 0
25595036 0
25595052 1
25595540 1
25595556 0
25597180 0
25597196 1
25597716 1
25597736 0
25599340 0
25599356 1
25599912 1
25599928 0
25601520 0
25601536 1
25602096 1
25602112 0
25640108 0
25640124 1
25648940 1
25648956 0
25651044 0
25651060 1
25651656 1
25651672 0
27906044 0
27906064 1
27914912 1
27914932 0
27919200 0
27919216 1
27919808 1
27919828 0
27920296 0
27920312 1
27920904 1
27920920 0
27921408 0
27921428 1
27922000 1
27922016 0
27922492 0
27922508 1
27923096 1
27923112 0
27923588 0
27923604 1
27924192 1
27924208 0
27924700 0
27924716 1
27925304 1
27925320 0
27925792 0
27925812 1
27926400 1
27926416 0
27926888 0
27926904 1
27927492 1
27927512 0
27927984 0
27928000 1
27928596 1
27928612 0
27930180 0
27930196 1
27930772 1
27930788 0
27932356 0
27932372 1
27932968 1
27932984 0
27934552 0
27934568 1
27935144 1
27935160 0
27936728 0
27936744 1
27937340 1
27937356 0
27938928 0
27938948 1
27939516 1
27939536 0
27941108 0
27941124 1
27941680 1
27941696 0
27943304 0
27943320 1
27943908 1
27943924 0
27945480 0
27945496 1
27946092 1
27946108 0
27947676 0
27947692 1
27948268 1
27948284 0
27948768 0
27948788 1
27949380 1
27949396 0
27950964 0
27950980 1
27951560 1
27951576 0
27953144 0
27953164 1
27953752 1
27953772 0
27954244 0
27954260 1
27954848 1
27954864 0
27955340 0
27955356 1
27955944 1
27955960 0
27956436 0
27956452 1
27957040 1
27957056 0
27957532 0
27957548 1
27958136 1
27958152 0
27958624 0
27958644 1
27959232 1
27959248 0
27960820 0
27960836 1
27961416 1
27961432 0
27961916 0
27961932 1
27962528 1
27962544 0
27963012 0
27963028 1
27963620 1
27963636 0
27965204 0
27965220 1
27965800 1
27965816 0
27967384 0
27967400 1
27967992 1
27968012 0
27969568 0
27969584 1
27970172 1
27970188 0
27971760 0
27971780 1
27972368 1
27972384 0
28010344 0
28010364 1
28019184 1
28019200 0
28021304 0
28021320 1
28021912 1
28021932 0
30526640 0
30526656 1
30535484 1
30535500 0
30539792 0
30539812 1
30540380 1
30540396 0
30540888 0
30540904 1
30541492 1
30541508 0
30541984 0
30542000 1
30542588 1
30542604 0
30543080 0
30543096 1
30543684 1
30543700 0
30544176 0
30544192 1
30544780 1
30544796 0
30545268 0
30545288 1
30545876 1
30545892 0
30546364 0
30546380 1
30546960 1
30546976 0
30547460 0
30547476 1
30548056 1
30548072 0
30548556 0
30548572 1
30549148 1
30549164 0
30550732 0
30550748 1
30551312 1
30551328 0
30552928 0
30552944 1
30553520 1
30553540 0
30555104 0
30555124 1
30555716 1
30555732 0
30557308 0
30557324 1
30557896 1
30557912 0
30559484 0
30559500 1
30560088 1
30560104 0
30561680 0
30561696 1
30562268 1
30562284 0
30563856 0
30563872 1
30564452 1
30564468 0
30566036 0
30566052 1
30566644 1
30566660 0
30567128 0
30567148 1
30567740 1
30567756 0
30568240 0
30568260 1
30568836 1
30568852 0
30570420 0
30570436 1
30571032 1
30571048 0
30572604 0
30572620 1
30573208 1
30573224 0
30573700 0
30573716 1
30574288 1
30574304 0
30574792 0
30574812 1
30575400 1
30575416 0
30575888 0
30575904 1
30576492 1
30576512 0
30576984 0
30577000 1
30577588 1
30577604 0
30579180 0
30579196 1
30579772 1
30579788 0
30581356 0
30581372 1
30581968 1
30581984 0
30582452 0
30582468 1
30583064 1
30583080 0
30583548 0
30583564 1
30584160 1
30584176 0
30585740 0
30585760 1
30586336 1
30586352 0
30587924 0
30587944 1
30588532 1
30588548 0
30590104 0
30590120 1
30590708 1
30590724 0
30592300 0
30592316 1
30592904 1
30592920 0
30630868 0
30630884 1
30639704 1
30639720 0
30641824 0
30641840 1
30642416 1
30642436 0
33047964 0
33047976 1
33056816 1
33056832 0
33061116 0
33061132 1
33061704 1
33061720 0
33062212 0
33062228 1
33062816 1
33062832 0
33063308 0
33063324 1
33063912 1
33063928 0
33064400 0
33064420 1
33064996 1
33065012 0
33065496 0
33065512 1
33066092 1
33066108 0
33066592 0
33066608 1
33067188 1
33067204 0
33067688 0
33067704 1
33068300 1
33068316 0
33068784 0
33068800 1
33069392 1
33069412 0
33069876 0
33069896 1
33070488 1
33070504 0
33072072 0
33072088 1
33072668 1
33072684 0
33074256 0
33074272 1
33074860 1
33074880 0
33076436 0
33076452 1
33077024 1
33077040 0
33078628 0
33078644 1
33079232 1
33079252 0
33080808 0
33080824 1
33081420 1
33081436 0
33083004 0
33083020 1
33083596 1
33083612 0
33085180 0
33085196 1
33085792 1
33085808 0
33087376 0
33087392 1
33087968 1
33087984 0
33088468 0
33088488 1
33089064 1
33089080 0
33089556 0
33089572 1
33090160 1
33090176 0
33090648 0
33090668 1
33091256 1
33091272 0
33092844 0
33092860 1
33093448 1
33093464 0
33095024 0
33095040 1
33095628 1
33095644 0
33096116 0
33096136 1
33096728 1
33096744 0
33097212 0
33097228 1
33097824 1
33097840 0
33098324 0
33098340 1
33098920 1
33098936 0
33100504 0
33100520 1
33101096 1
33101112 0
33102696 0
33102712 1
33103292 1
33103308 0
33104876 0
33104892 1
33105484 1
33105504 0
33105976 0
33105992 1
33106580 1
33106596 0
33107072 0
33107088 1
33107676 1
33107692 0
33109248 0
33109268 1
33109836 1
33109856 0
33111444 0
33111460 1
33112048 1
33112072 0
33113624 0
33113640 1
33114200 1
33114216 0
33152212 0
33152228 1
33161028 1
33161044 0
33163148 0
33163164 1
33163756 1
33163776 0
35745100 0
35745116 1
35753928 1
35753944 0
35758236 0
35758256 1
35758824 1
35758844 0
35759332 0
35759348 1
35759936 1
35759952 0
35760444 0
35760460 1
35761032 1
35761048 0
35761540 0
35761556 1
35762128 1
35762144 0
35762620 0
35762636 1
35763212 1
35763228 0
35763712 0
35763728 1
35764324 1
35764340 0
35764808 0
35764824 1
35765420 1
35765436 0
35765904 0
35765920 1
35766516 1
35766532 0
35767000 0
35767016 1
35767612 1
35767628 0
35769192 0
35769212 1
35769772 1
35769788 0
35771372 0
35771388 1
35771984 1
35772000 0
35773556 0
35773572 1
35774144 1
35774160 0
35775752 0
35775768 1
35776356 1
35776372 0
35777928 0
35777944 1
35778532 1
35778548 0
35780124 0
35780140 1
35780716 1
35780732 0
35782300 0
35782316 1
35782912 1
35782928 0
35784496 0
35784512 1
35785088 1
35785108 0
35785592 0
35785608 1
35786184 1
35786200 0
35787768 0
35787792 1
35788380 1
35788396 0
35789952 0
35789968 1
35790556 1
35790576 0
35792148 0
35792164 1
35792720 1
35792736 0
35794324 0
35794340 1
35794928 1
35794952 0
35795420 0
35795436 1
35796032 1
35796048 0
35797616 0
35797632 1
35798208 1
35798224 0
35798712 0
35798728 1
35799304 1
35799320 0
35800888 0
35800904 1
35801500 1
35801516 0
35801984 0
35802000 1
35802596 1
35802612 0
35803112 0
35803128 1
35803688 1
35803704 0
35804180 0
35804196 1
35804784 1
35804800 0
35805276 0
35805292 1
35805880 1
35805896 0
35807468 0
35807488 1
35808076 1
35808092 0
35808564 0
35808580 1
35809168 1
35809184 0
35810744 0
35810760 1
35811352 1
35811372 0
35849332 0
35849348 1
35858164 1
35858180 0
35860268 0
35860284 1
35860880 1
35860896 0
38229988 0
38230004 1
38238808 1
38238824 0
38243128 0
38243144 1
38243704 1
38243720 0
38244224 0
38244240 1
38244800 1
38244816 0
38245316 0
38245336 1
38245896 1
38245912 0
38246396 0
38246420 1
38246992 1
38247008 0
38247512 0
38247532 1
38248084 1
38248100 0
38248608 0
38248624 1
38249180 1
38249196 0
38249704 0
38249720 1
38250276 1
38250292 0
38250800 0
38250816 1
38251388 1
38251404 0
38251896 0
38251912 1
38252464 1
38252484 0
38254072 0
38254088 1
38254668 1
38254684 0
38256232 0
38256252 1
38256844 1
38256860 0
38258444 0
38258460 1
38259040 1
38259056 0
38260640 0
38260656 1
38261216 1
38261232 0
38262824 0
38262840 1
38263412 1
38263428 0
38264984 0
38265000 1
38265588 1
38265604 0
38267196 0
38267212 1
38267784 1
38267800 0
38269372 0
38269392 1
38269968 1
38269984 0
38270468 0
38270484 1
38271064 1
38271080 0
38271548 0
38271564 1
38272160 1
38272176 0
38272660 0
38272676 1
38273252 1
38273268 0
38274852 0
38274872 1
38275432 1
38275448 0
38275948 0
38275964 1
38276524 1
38276544 0
38277028 0
38277044 1
38277620 1
38277636 0
38278140 0
38278160 1
38278732 1
38278748 0
38279240 0
38279256 1
38279828 1
38279844 0
38281416 0
38281436 1
38282004 1
38282024 0
38283612 0
38283628 1
38284200 1
38284216 0
38285792 0
38285808 1
38286384 1
38286400 0
38286884 0
38286900 1
38287480 1
38287496 0
38289048 0
38289064 1
38289656 1
38289672 0
38291256 0
38291276 1
38291852 1
38291868 0
38293452 0
38293468 1
38294012 1
38294028 0
38295636 0
38295652 1
38296224 1
38296240 0
38334172 0
38334188 1
38343024 1
38343040 0
38345144 0
38345160 1
38345740 1
38345756 0
40740460 0
40740476 1
40749312 1
40749328 0
40753600 0
40753616 1
40754168 1
40754192 0
40754692 0
40754708 1
40755304 1
40755320 0
40755788 0
40755804 1
40756400 1
40756416 0
40756884 0
40756900 1
40757496 1
40757512 0
40757980 0
40757996 1
40758588 1
40758608 0
40759092 0
40759108 1
40759684 1
40759700 0
40760184 0
40760204 1
40760780 1
40760796 0
40761280 0
40761296 1
40761876 1
40761892 0
40762360 0
40762384 1
40762972 1
40762988 0
40764560 0
40764576 1
40765164 1
40765180 0
40766772 0
40766788 1
40767344 1
40767360 0
40768932 0
40768948 1
40769520 1
40769544 0
40771112 0
40771128 1
40771720 1
40771736 0
40773304 0
40773320 1
40773900 1
40773916 0
40775484 0
40775500 1
40776092 1
40776112 0
40777676 0
40777696 1
40778272 1
40778288 0
40779860 0
40779880 1
40780468 1
40780484 0
40780972 0
40780988 1
40781560 1
40781576 0
40782052 0
40782068 1
40782656 1
40782672 0
40784228 0
40784248 1
40784836 1
40784852 0
40786424 0
40786440 1
40787036 1
40787052 0
40788636 0
40788652 1
40789212 1
40789228 0
40789712 0
40789732 1
40790308 1
40790324 0
40790824 0
40790844 1
40791404 1
40791420 0
40791904 0
40791920 1
40792500 1
40792516 0
40794080 0
40794100 1
40794692 1
40794708 0
40796268 0
40796284 1
40796872 1
40796888 0
40797360 0
40797380 1
40797968 1
40797984 0
40798472 0
40798488 1
40799060 1
40799076 0
40799552 0
40799568 1
40800156 1
40800172 0
40801748 0
40801764 1
40802340 1
40802356 0
40803924 0
40803940 1
40804536 1
40804552 0
40806120 0
40806136 1
40806712 1
40806728 0
43509676 0
43509688 1
43518492 1
43518508 0
43522796 0
43522812 1
43523408 1
43523424 0
43523892 0
43523908 1
43524500 1
43524520 0
43524984 0
43525004 1
43525596 1
43525612 0
43526080 0
43526096 1
43526692 1
43526708 0
43527200 0
43527216 1
43527788 1
43527804 0
43528296 0
43528312 1
43528884 1
43528900 0
43529372 0
43529388 1
43529976 1
43529996 0
43530500 0
43530516 1
43531072 1
43531088 0
43531564 0
43531580 1
43532168 1
43532184 0
43533756 0
43533776 1
43534352 1
43534368 0
43535936 0
43535952 1
43536548 1
43536564 0
43538132 0
43538148 1
43538708 1
43538724 0
43540308 0
43540324 1
43540920 1
43540936 0
43542504 0
43542520 1
43543096 1
43543112 0
43544688 0
43544704 1
43545292 1
43545308 0
43546864 0
43546880 1
43547468 1
43547488 0
43549060 0
43549076 1
43549664 1
43549680 0
43550156 0
43550172 1
43550748 1
43550764 0
43552332 0
43552348 1
43552944 1
43552960 0
43553428 0
43553444 1
43554040 1
43554056 0
43555624 0
43555640 1
43556216 1
43556232 0
43557800 0
43557816 1
43558376 1
43558396 0
43558896 0
43558916 1
43559508 1
43559524 0
43561080 0
43561096 1
43561684 1
43561700 0
43562176 0
43562192 1
43562764 1
43562780 0
43564368 0
43564384 1
43564972 1
43564992 0
43565464 0
43565480 1
43566068 1
43566092 0
43567644 0
43567660 1
43568252 1
43568268 0
43568736 0
43568756 1
43569348 1
43569364 0
43569832 0
43569848 1
43570444 1
43570460 0
43572028 0
43572044 1
43572640 1
43572656 0
43573124 0
43573140 1
43573732 1
43573752 0
43575308 0
43575324 1
43575912 1
43575928 0
43613876 0
43613892 1
43622712 1
43622728 0
43624832 0
43624848 1
43625436 1
43625452 0
46358200 0
46358216 1
46367036 1
46367052 0
46371324 0
46371340 1
46371932 1
46371948 0
46372432 0
46372452 1
46373028 1
46373044 0
46373528 0
46373544 1
46374124 1
46374140 0
46374624 0
46374640 1
46375220 1
46375236 0
46375720 0
46375736 1
46376312 1
46376332 0
46376816 0
46376832 1
46377408 1
46377424 0
46377908 0
46377928 1
46378504 1
46378520 0
46379004 0
46379028 1
46379616 1
46379632 0
46380108 0
46380124 1
46380712 1
46380728 0
46382284 0
46382300 1
46382888 1
46382904 0
46384480 0
46384496 1
46385068 1
46385084 0
46386656 0
46386672 1
46387268 1
46387284 0
46388852 0
46388868 1
46389444 1
46389460 0
46391028 0
46391044 1
46391640 1
46391656 0
46393224 0
46393240 1
46393816 1
46393836 0
46395408 0
46395424 1
46396012 1
46396028 0
46397584 0
46397604 1
46398192 1
46398208 0
46398680 0
46398696 1
46399284 1
46399304 0
46400876 0
46400892 1
46401480 1
46401496 0
46401972 0
46401988 1
46402564 1
46402580 0
46403084 0
46403100 1
46403644 1
46403660 0
46404192 0
46404212 1
46404736 1
46404756 0
46405288 0
46405304 1
46405832 1
46405848 0
46407448 0
46407468 1
46408012 1
46408028 0
46408612 0
46408628 1
46409120 1
46409136 0
46410740 0
46410760 1
46411300 1
46411316 0
46411856 0
46411872 1
46412392 1
46412412 0
46414016 0
46414032 1
46414588 1
46414604 0
46416196 0
46416212 1
46416800 1
46416816 0
46418388 0
46418404 1
46418968 1
46418984 0
46420568 0
46420584 1
46421176 1
46421196 0
46421696 0
46421712 1
46422272 1
46422288 0
46423856 0
46423872 1
46424452 1
46424468 0
46462412 0
46462428 1
46471268 1
46471284 0
46473404 0
46473420 1
46473992 1
46474008 0
48919228 0
48919244 1
48928064 1
48928080 0
48932364 0
48932380 1
48932960 1
48932976 0
48933460 0
48933476 1
48934056 1
48934072 0
48934556 0
48934572 1
48935148 1
48935168 0
48935652 0
48935668 1
48936244 1
48936260 0
48936744 0
48936764 1
48937340 1
48937356 0
48937840 0
48937856 1
48938436 1
48938452 0
48938936 0
48938952 1
48939532 1
48939548 0
48940036 0
48940056 1
48940644 1
48940660 0
48941132 0
48941148 1
48941736 1
48941752 0
48943312 0
48943328 1
48943916 1
48943932 0
48945504 0
48945520 1
48946108 1
48946128 0
48947684 0
48947700 1
48948296 1
48948312 0
48949876 0
48949896 1
48950472 1
48950488 0
48952056 0
48952072 1
48952668 1
48952684 0
48954252 0
48954268 1
48954844 1
48954860 0
48956436 0
48956452 1
48957040 1
48957056 0
48958612 0
48958628 1
48959216 1
48959232 0
48959708 0
48959724 1
48960312 1
48960328 0
48961904 0
48961920 1
48962508 1
48962524 0
48962996 0
48963016 1
48963592 1
48963608 0
48964092 0
48964108 1
48964688 1
48964704 0
48966272 0
48966288 1
48966880 1
48966900 0
48967364 0
48967384 1
48967976 1
48967992 0
48969560 0
48969576 1
48970156 1
48970172 0
48970656 0
48970672 1
48971248 1
48971268 0
48972840 0
48972856 1
48973444 1
48973460 0
48973936 0
48973952 1
48974540 1
48974556 0
48976128 0
48976148 1
48976716 1
48976736 0
48978308 0
48978324 1
48978912 1
48978928 0
48979404 0
48979420 1
48980012 1
48980032 0
48981596 0
48981612 1
48982192 1
48982208 0
48982692 0
48982708 1
48983288 1
48983304 0
48984872 0
48984888 1
48985480 1
48985496 0
49023444 0
49023460 1
49032280 1
49032300 0
49034400 0
49034416 1
49035008 1
49035024 0
51443252 0
51443264 1
51452120 1
51452136 0
51456404 0
51456420 1
51457008 1
51457032 0
51457500 0
51457516 1
51458112 1
51458128 0
51458596 0
51458612 1
51459208 1
51459224 0
51459692 0
51459708 1
51460300 1
51460320 0
51460784 0
51460804 1
51461396 1
51461412 0
51461880 0
51461896 1
51462492 1
51462508 0
51463008 0
51463028 1
51463588 1
51463604 0
51464072 0
51464088 1
51464684 1
51464700 0
51465168 0
51465184 1
51465776 1
51465796 0
51467384 0
51467400 1
51467972 1
51467988 0
51469560 0
51469580 1
51470148 1
51470168 0
51471740 0
51471756 1
51472344 1
51472360 0
51473916 0
51473936 1
51474528 1
51474544 0
51476112 0
51476128 1
51476708 1
51476724 0
51478308 0
51478324 1
51478900 1
51478916 0
51480500 0
51480516 1
51481080 1
51481096 0
51482684 0
51482700 1
51483272 1
51483288 0
51483764 0
51483780 1
51484368 1
51484384 0
51485960 0
51485976 1
51486548 1
51486564 0
51487036 0
51487052 1
51487640 1
51487660 0
51489232 0
51489248 1
51489824 1
51489844 0
51490328 0
51490344 1
51490920 1
51490936 0
51491440 0
51491456 1
51492016 1
51492032 0
51493600 0
51493616 1
51494212 1
51494228 0
51494728 0
51494744 1
51495304 1
51495324 0
51496888 0
51496904 1
51497484 1
51497500 0
51497992 0
51498008 1
51498596 1
51498612 0
51500184 0
51500204 1
51500772 1
51500788 0
51501264 0
51501280 1
51501868 1
51501884 0
51503440 0
51503460 1
51504048 1
51504064 0
51505636 0
51505652 1
51506248 1
51506264 0
51506748 0
51506764 1
51507344 1
51507360 0
51508944 0
51508960 1
51509520 1
51509536 0
51547500 0
51547516 1
51556332 1
51556348 0
51558456 0
51558472 1
51559044 1
51559060 0

Thanks for using picocom
picocom v1.7

port is        : /dev/ttyUSB0
flowcontrol    : none
baudrate is    : 9600
parity is      : none
databits are   : 8
escape is      : C-a
local echo is  : no
noinit is      : no
noreset is     : no
nolock is      : no
send_cmd is    : sz -vv
receive_cmd is : rz -vv
imap is        : 
omap is        : 
emap is        : crcrlf,delbs,

